      0/49      4.5G    0.1039   0.03157   0.02867    0.1642        34       640         0         0  0.002099 0.0003217   0.07415   0.02705   0.02569
      1/49     4.51G    0.0885   0.03156    0.0275    0.1476        58       640         0         0  0.002901 0.0004462   0.06537    0.0258   0.02545
      2/49     4.51G   0.08409   0.03042   0.02588    0.1404        43       640         0         0  0.004751 0.0008151   0.06493   0.02508   0.02421
      3/49     4.51G   0.08367   0.03053    0.0256    0.1398        46       640    0.1001   0.09333    0.0563   0.01074   0.07035   0.02201   0.02055
      4/49     4.51G   0.08282   0.03064   0.02558     0.139        48       640         0         0  0.003225 0.0005471    0.0641   0.02448   0.02382
      5/49     4.51G   0.08191   0.03045   0.02404    0.1364        51       640   0.07907   0.04667   0.02968  0.007494   0.06261   0.02349   0.02101
      6/49     4.51G   0.08277   0.02974   0.02186    0.1344        46       640   0.06166    0.2683   0.09148   0.02033   0.06176   0.02222   0.01458
      7/49     4.51G   0.08058   0.03022   0.01941    0.1302        46       640    0.1158    0.1817   0.09095   0.01851   0.06029   0.02201   0.01239
      8/49     4.51G    0.0786   0.02992   0.01636    0.1249        56       640    0.1689      0.22    0.2015   0.04522   0.05887   0.02221  0.009268
      9/49     4.51G   0.07782   0.03005   0.01361    0.1215        49       640   0.06405    0.5933   0.08631   0.02291   0.05882   0.03741  0.008307
     10/49     4.51G   0.07403   0.02873   0.01108    0.1139        40       640    0.2231    0.5367    0.2295   0.05681   0.05703   0.02276  0.004925
     11/49     4.51G   0.07304   0.02842  0.009805    0.1113        49       640    0.3388     0.495     0.344    0.1178    0.0527   0.02309  0.004664
     12/49     4.51G   0.06994   0.02816  0.008296    0.1064        60       640    0.4228      0.53    0.4641    0.1243   0.04965    0.0191  0.003856
     13/49     4.51G   0.06853   0.02799  0.008082    0.1046        60       640    0.1067    0.7167    0.3221    0.1029   0.04886   0.02831  0.007741
     14/49     4.51G    0.0647   0.02803  0.007139   0.09987        48       640     0.268    0.8217    0.5432    0.1855   0.04747   0.02118  0.003405
     15/49     4.51G   0.06469   0.02698  0.006284   0.09795        42       640     0.267      0.78    0.5616    0.2058   0.04502   0.01891  0.003648
     16/49     4.51G    0.0623   0.02724  0.005839   0.09538        43       640    0.2369     0.885    0.6568    0.2228   0.04963   0.02001  0.003468
     17/49     4.51G   0.06154   0.02661  0.005488   0.09363        47       640     0.415    0.6696    0.6078    0.2014   0.04787   0.01989  0.003232
     18/49     4.51G   0.06038   0.02596  0.005404   0.09175        39       640    0.1603    0.9433    0.5678    0.1641   0.04786   0.01796  0.002758
     19/49     4.51G   0.05816   0.02468  0.005513   0.08835        50       640    0.3941    0.7529    0.7104    0.2392   0.04508   0.01608  0.003281
     20/49     4.51G   0.05656   0.02543  0.005217   0.08721        47       640    0.2482    0.9533    0.7986    0.4049   0.03724    0.0165  0.002593
     21/49     4.51G   0.05686   0.02378  0.005067    0.0857        39       640    0.1452    0.9717    0.7818    0.3195   0.04262   0.02222  0.002438
     22/49     4.51G   0.05337   0.02296  0.004577    0.0809        49       640    0.2886    0.9667    0.7972    0.4139    0.0387   0.01512  0.002489
     23/49     4.51G   0.05084   0.02234  0.004671   0.07785        53       640    0.2603      0.97    0.8193    0.4471   0.03775    0.0162  0.002736
     24/49     4.51G    0.0496    0.0218  0.004517   0.07591        40       640    0.5592    0.9833    0.9392    0.5329   0.03095   0.01243  0.001982
     25/49     4.51G   0.04758   0.02154  0.004187    0.0733        47       640    0.6421     0.975    0.9385    0.5169   0.03404   0.01171  0.001937
     26/49     4.51G   0.04478   0.02106  0.003882   0.06973        55       640    0.5103    0.9817    0.9593     0.545   0.03028   0.01193  0.001997
     27/49     4.51G   0.04231   0.02039  0.003517   0.06621        42       640    0.6058      0.99     0.986    0.6383   0.02641   0.01141  0.001704
     28/49     4.51G   0.04325   0.02011  0.003589   0.06695        35       640    0.4969    0.9817    0.9778    0.6077   0.02787   0.01273  0.001668
     29/49     4.51G   0.04241   0.01922  0.003176   0.06481        50       640    0.5757    0.9917    0.9793    0.6493   0.02549   0.01093  0.001639
     30/49     4.51G   0.03974   0.01933  0.003136   0.06221        42       640    0.5828    0.9883    0.9866    0.6642    0.0251   0.01054   0.00169
     31/49     4.51G   0.03772   0.01911  0.003389   0.06022        42       640    0.7441    0.9834    0.9868     0.661   0.02525  0.009832  0.001678
     32/49     4.51G   0.03899   0.01854  0.003401   0.06093        48       640    0.7051    0.9867    0.9849    0.6341   0.02632   0.01015  0.001479
     33/49     4.51G   0.03644   0.01814  0.002961   0.05754        44       640    0.7148    0.9883     0.988    0.7194   0.02406  0.009394  0.001469
     34/49     4.51G   0.03501    0.0172  0.002647   0.05485        47       640    0.7224      0.99    0.9882     0.723    0.0209  0.009162  0.001481
     35/49     4.51G    0.0342   0.01665  0.002709   0.05356        38       640    0.7459     0.985    0.9868    0.7306   0.02175  0.008518   0.00147
     36/49     4.51G    0.0348   0.01679  0.003082   0.05467        49       640    0.6689     0.985    0.9875    0.7219   0.02139  0.009028  0.001396
     37/49     4.51G   0.03259   0.01699  0.002676   0.05225        57       640    0.7664    0.9867    0.9879    0.7286   0.02323  0.009392  0.001388
     38/49     4.51G   0.03179   0.01602  0.002952   0.05076        51       640    0.7697    0.9917    0.9887    0.7244   0.01975  0.008298  0.001527
     39/49     4.51G   0.03025   0.01601  0.002344    0.0486        45       640    0.7978    0.9917    0.9889    0.7986   0.01859   0.00815  0.001223
     40/49     4.51G   0.03093   0.01623  0.003112   0.05027        53       640    0.7686    0.9917    0.9899    0.7506   0.01933  0.008259  0.001136
     41/49     4.51G   0.02956   0.01558  0.002175   0.04732        55       640    0.7967      0.99    0.9895    0.7866   0.01745  0.007593   0.00112
     42/49     4.51G   0.02918    0.0155  0.002105   0.04679        35       640    0.7917      0.99    0.9899    0.7869   0.01736  0.007757  0.001082
     43/49     4.51G   0.02779   0.01548  0.002108   0.04538        45       640    0.7435     0.995    0.9886    0.7835    0.0175  0.007706  0.001088
     44/49     4.51G   0.02783   0.01498  0.002141   0.04495        53       640    0.7672    0.9917      0.99    0.7903   0.01794  0.007729  0.001155
     45/49     4.51G   0.02702   0.01517  0.002298   0.04449        53       640     0.803    0.9933      0.99    0.7853   0.01734  0.007579  0.001033
     46/49     4.51G   0.02637   0.01494  0.001735   0.04304        50       640    0.9373    0.9933      0.99    0.7994   0.01701  0.007631   0.00113
     47/49     4.51G   0.02686   0.01424  0.002102    0.0432        53       640    0.8534      0.99    0.9892    0.7865   0.01793  0.007238  0.001094
     48/49     4.51G   0.02616   0.01478  0.002196   0.04314        39       640    0.8364    0.9917    0.9902    0.8223   0.01617  0.007248 0.0009951
     49/49     4.51G   0.02624    0.0141   0.00207   0.04241        45       640    0.8267    0.9933    0.9902    0.8111   0.01655  0.007078 0.0009745
