     0/119     5.23G   0.09264    0.0299   0.03779    0.1603        31       640         0         0 0.0004536 6.518e-05   0.06877   0.02081   0.03422
     1/119      4.5G   0.08093    0.0269   0.03718     0.145        35       640         0         0    0.0014 0.0002426   0.06249   0.01899   0.03384
     2/119      4.5G   0.07826   0.02683   0.03664    0.1417        37       640         0         0  0.001448 0.0002635   0.06431   0.01776   0.03372
     3/119      4.5G   0.07573    0.0256   0.03647    0.1378        38       640         0         0  0.004437 0.0007908   0.06061    0.0183   0.03375
     4/119      4.5G   0.07368   0.02594   0.03585    0.1355        34       640         0         0   0.00567  0.001031   0.06942   0.01581    0.0399
     5/119      4.5G   0.07004   0.02679   0.03612    0.1329        43       640         0         0   0.07911   0.01918   0.04884   0.01903   0.03272
     6/119      4.5G   0.06424   0.02658   0.03493    0.1258        37       640    0.3333  0.003333    0.1026    0.0232   0.04013   0.01892   0.03185
     7/119      4.5G    0.0613   0.02519   0.03471    0.1212        37       640         0         0  0.008009  0.001838   0.05721   0.01661    0.0319
     8/119      4.5G   0.06175   0.02355   0.03295    0.1182        40       640     0.131      0.48    0.2432    0.0688   0.04348   0.01577   0.02696
     9/119      4.5G   0.05888    0.0229   0.03059    0.1124        36       640    0.1416    0.6567    0.1866   0.04604   0.05149   0.01892   0.02323
    10/119      4.5G   0.05909    0.0224   0.02696    0.1084        38       640    0.2949    0.8767    0.4909    0.1772   0.04063   0.01419   0.01415
    11/119      4.5G   0.05735   0.02101   0.02314    0.1015        48       640   0.06053   0.08251   0.01123  0.002549    0.0714   0.03846   0.04115
    12/119      4.5G   0.05515   0.02135   0.02024   0.09674        35       640     0.027    0.6367   0.07857   0.01656   0.04723    0.0974   0.02138
    13/119      4.5G   0.05325   0.02043   0.01788   0.09156        33       640    0.2419    0.5265    0.3327    0.1194    0.0407   0.01475   0.02195
    14/119      4.5G   0.05613    0.0209   0.01621   0.09324        39       640    0.1073      0.13    0.1433   0.03778   0.07191   0.01476   0.03274
    15/119      4.5G   0.05502   0.02023   0.01653   0.09178        35       640    0.2722    0.8133    0.5701    0.1902   0.04792   0.01183   0.00746
    16/119      4.5G   0.05338   0.01978   0.01433   0.08749        45       640     0.361   0.03042   0.08573   0.01812   0.05685   0.01581   0.01924
    17/119      4.5G   0.05147   0.01951   0.01406   0.08504        43       640    0.1089      0.23    0.1135   0.02802   0.04925   0.01463   0.02373
    18/119      4.5G   0.04915   0.01995   0.01324   0.08234        38       640    0.1467    0.4567    0.2772     0.102   0.04389   0.01315   0.02024
    19/119      4.5G    0.0475   0.01914   0.01143   0.07807        37       640    0.5208      0.79    0.7764    0.3257    0.0335   0.01199  0.003558
    20/119      4.5G   0.04544   0.01851   0.01103   0.07498        34       640   0.09859    0.4667    0.2196   0.09886   0.03591    0.0173   0.04678
    21/119      4.5G   0.04358   0.01796   0.00993   0.07147        37       640    0.5985      0.98    0.9268    0.5404    0.0312   0.01043  0.001692
    22/119      4.5G   0.04258   0.01742   0.01132   0.07133        34       640    0.5479    0.9862    0.9234    0.4839   0.03027   0.01035  0.002802
    23/119      4.5G   0.04234   0.01662  0.009759   0.06872        34       640    0.3078      0.95    0.8221    0.3364    0.0373   0.01628    0.0101
    24/119      4.5G   0.04044   0.01683   0.00873     0.066        41       640    0.6231    0.9867    0.9596    0.4654      0.03   0.00893  0.001493
    25/119      4.5G   0.03914   0.01602  0.008405   0.06356        36       640    0.5823    0.9967    0.9817    0.5865   0.02968  0.008895  0.001626
    26/119      4.5G   0.04006   0.01601  0.008662   0.06473        43       640    0.7221    0.8367    0.8826     0.555   0.02634  0.009885  0.003676
    27/119      4.5G   0.03801   0.01572   0.00826     0.062        40       640    0.5187    0.9867    0.9805    0.5855   0.03019  0.008771  0.003059
    28/119      4.5G   0.03629     0.015  0.007431   0.05872        41       640    0.6957    0.9937    0.9859     0.657   0.02363  0.008109  0.001893
    29/119      4.5G   0.03526   0.01509  0.007209   0.05756        34       640    0.8218    0.9967    0.9797    0.6955    0.0235  0.007142 0.0008762
    30/119      4.5G   0.03699   0.01412  0.006876   0.05798        26       640    0.7861         1    0.9946    0.6742   0.02711  0.008142 0.0008725
    31/119      4.5G   0.03555   0.01387  0.007334   0.05676        37       640    0.8002    0.9933    0.9914    0.6446   0.02734  0.007975   0.00118
    32/119      4.5G   0.03569   0.01339  0.006376   0.05546        32       640    0.8664    0.9867    0.9766     0.643   0.02405  0.007372  0.001725
    33/119      4.5G   0.03325   0.01354  0.006656   0.05345        32       640    0.4546    0.9767    0.9436    0.6089   0.02411  0.009676  0.001901
    34/119      4.5G   0.03367   0.01368  0.006763   0.05411        32       640    0.8756    0.9967    0.9901    0.6871   0.02358  0.007116  0.001025
    35/119      4.5G   0.03265   0.01273  0.006817    0.0522        33       640    0.8443         1    0.9909    0.7055   0.02167  0.007326  0.001457
    36/119      4.5G   0.03125    0.0128  0.005601   0.04965        35       640    0.8562         1    0.9931    0.7544   0.02028  0.006877  0.001414
    37/119      4.5G   0.03254   0.01254  0.006028   0.05111        37       640    0.8381    0.9967    0.9878    0.7424   0.01943  0.006388  0.001651
    38/119      4.5G   0.03075   0.01225  0.005926   0.04893        36       640     0.952         1     0.994    0.7512   0.01962  0.006184 0.0007734
    39/119      4.5G    0.0304   0.01164  0.006378   0.04842        31       640    0.9384    0.9967    0.9946    0.7675   0.01913  0.005952  0.001278
    40/119      4.5G   0.03102   0.01222  0.005885   0.04913        41       640    0.9301      0.99    0.9915    0.7591   0.02034  0.006496  0.002081
    41/119      4.5G   0.02993   0.01209  0.006042   0.04807        35       640    0.8336    0.9833    0.9808    0.7406   0.01976  0.005922  0.003333
    42/119      4.5G   0.02953   0.01214  0.005477   0.04715        43       640    0.9206         1    0.9944    0.7609   0.01751  0.005719  0.000692
    43/119      4.5G   0.02839   0.01161  0.005941   0.04594        34       640    0.8701    0.9967    0.9921    0.7542   0.01924  0.006252  0.001959
    44/119      4.5G   0.02847   0.01176  0.006537   0.04677        42       640    0.9614    0.9967    0.9921    0.7824   0.01773  0.005847 0.0006982
    45/119      4.5G   0.02801   0.01168  0.006137   0.04583        42       640    0.9354    0.9967     0.992    0.7919   0.01758  0.005508 0.0005308
    46/119      4.5G    0.0281    0.0115  0.004989    0.0446        37       640    0.9034         1     0.995     0.728   0.01894  0.005695  0.000768
    47/119      4.5G   0.02853   0.01151  0.004745   0.04479        35       640    0.9519    0.9967    0.9934    0.8036   0.01676  0.005356 0.0005696
    48/119      4.5G    0.0261   0.01073   0.00424   0.04107        39       640    0.9705         1     0.995    0.8098   0.01704  0.005208 0.0005559
    49/119      4.5G   0.02671   0.01103  0.004443   0.04218        34       640    0.9827         1     0.995     0.814    0.0155  0.004863 0.0004022
    50/119      4.5G   0.02682   0.01059  0.004263   0.04167        34       640    0.9777         1     0.995    0.8158   0.01714  0.005109 0.0004865
    51/119      4.5G   0.02613   0.01081  0.003748   0.04069        35       640    0.9002         1     0.995    0.8019   0.01526  0.005019  0.001526
    52/119      4.5G   0.02537    0.0105  0.004268   0.04014        43       640    0.9307         1     0.995    0.8078   0.01597  0.005037 0.0005678
    53/119      4.5G   0.02525   0.01021  0.004191   0.03965        29       640    0.7825      0.88    0.9462    0.6655   0.02188  0.007191  0.007403
    54/119      4.5G   0.02519   0.01053   0.00479   0.04051        46       640    0.8968    0.9833    0.9897    0.7631   0.01799  0.005655  0.001148
    55/119      4.5G   0.02542   0.01042  0.003787   0.03962        36       640    0.9875         1     0.995    0.8092   0.01569  0.004879 0.0004645
    56/119      4.5G    0.0248   0.01022  0.004099   0.03912        42       640    0.9475         1     0.995    0.8258   0.01353  0.005128 0.0004318
    57/119      4.5G   0.02463  0.009905   0.00318   0.03772        35       640    0.9866         1     0.995    0.8547   0.01351   0.00456  0.000361
    58/119      4.5G   0.02385   0.01004  0.003558   0.03744        44       640    0.9773         1     0.995    0.8494   0.01415  0.004423 0.0004882
    59/119      4.5G   0.02382   0.01031   0.00346   0.03759        42       640     0.943         1     0.995    0.8303   0.01438  0.004761 0.0006803
    60/119      4.5G   0.02445   0.01012  0.004177   0.03874        35       640    0.9899         1     0.995    0.8311   0.01371  0.004303 0.0004574
    61/119      4.5G    0.0223  0.009607  0.003464   0.03537        42       640    0.9837         1     0.995    0.8564   0.01191  0.004317  0.000423
    62/119      4.5G   0.02262  0.009799  0.004131   0.03655        34       640     0.935         1     0.995    0.8421   0.01317  0.004649 0.0005207
    63/119      4.5G   0.02232  0.009614  0.003819   0.03575        43       640    0.8793         1    0.9949    0.8395   0.01305  0.004434  0.001983
    64/119      4.5G   0.02207   0.00966  0.003194   0.03492        35       640    0.9829         1     0.995    0.8535   0.01317  0.004348  0.000322
    65/119      4.5G   0.02251  0.009559  0.003506   0.03557        31       640    0.9424         1    0.9948    0.8108   0.01533  0.004914 0.0005614
    66/119      4.5G   0.02173  0.009646  0.003192   0.03457        36       640    0.9082         1    0.9949     0.847   0.01275  0.004233 0.0007981
    67/119      4.5G   0.02206   0.00924  0.003472   0.03477        37       640     0.972         1     0.995     0.848   0.01186  0.004503 0.0003047
    68/119      4.5G    0.0213  0.009237  0.003471   0.03401        44       640    0.9831         1     0.995    0.8714   0.01142  0.004114 0.0003474
    69/119      4.5G    0.0211  0.009367  0.003205   0.03367        41       640    0.9879         1     0.995    0.8474   0.01303  0.004443 0.0005176
    70/119      4.5G   0.02072  0.008884  0.003129   0.03274        43       640    0.9906         1     0.995    0.8609   0.01166  0.004219 0.0003569
    71/119      4.5G   0.02124  0.009193  0.003173    0.0336        35       640    0.9873         1     0.995    0.8561   0.01222  0.004188 0.0003751
    72/119      4.5G   0.02017   0.00882  0.003548   0.03253        38       640    0.9847         1    0.9949    0.8531   0.01151  0.004373 0.0003376
    73/119      4.5G   0.02074  0.009061  0.002828   0.03263        37       640    0.9811         1     0.995    0.8702   0.01119   0.00405 0.0003721
    74/119      4.5G   0.01948  0.008812  0.002885   0.03118        33       640    0.9843         1     0.995    0.8553     0.012  0.003918 0.0002362
    75/119      4.5G   0.02087  0.008816  0.003241   0.03293        32       640    0.9876         1     0.995    0.8691   0.01071  0.003874 0.0002812
    76/119      4.5G   0.01924  0.008782  0.002519   0.03054        36       640    0.9881         1     0.995    0.8772   0.01015  0.003805 0.0002891
    77/119      4.5G   0.02005  0.008636   0.00299   0.03167        40       640    0.9832         1     0.995    0.8725   0.01154  0.004163 0.0002478
    78/119      4.5G   0.01927   0.00849  0.002133    0.0299        34       640    0.8842         1     0.995    0.8646   0.01197  0.004133 0.0002742
    79/119      4.5G   0.01941   0.00839  0.002832   0.03064        34       640    0.9735         1    0.9949    0.8591   0.01123  0.003976 0.0003761
    80/119      4.5G   0.02022  0.008438  0.002695   0.03136        41       640    0.9854         1     0.995    0.8717   0.01192  0.003864 0.0003476
    81/119      4.5G   0.01912  0.008579  0.002502    0.0302        36       640    0.9867         1     0.995    0.8733   0.01089  0.003756 0.0003167
    82/119      4.5G   0.01866  0.008656  0.002235   0.02956        43       640    0.9836         1     0.995    0.8727   0.01083   0.00392 0.0002713
    83/119      4.5G   0.01921   0.00863  0.003787   0.03163        33       640    0.9913         1     0.995    0.8773   0.01101  0.003937 0.0002763
    84/119      4.5G   0.01879    0.0087  0.002533   0.03002        36       640    0.8196         1    0.9949    0.8457   0.01225  0.004671 0.0003739
    85/119      4.5G   0.01786  0.008511  0.002516   0.02889        34       640     0.985         1     0.995    0.8806   0.01073   0.00375 0.0002996
    86/119      4.5G   0.01817   0.00802  0.002617   0.02881        35       640    0.9701         1     0.995    0.8722   0.01109  0.003782 0.0002396
    87/119      4.5G   0.01852  0.008138  0.002787   0.02944        39       640    0.9879    0.9967    0.9949    0.8771   0.01039  0.003692 0.0002469
    88/119      4.5G   0.01771  0.008285  0.002485   0.02848        32       640      0.99         1     0.995    0.8996  0.009508  0.003618 0.0002645
    89/119      4.5G   0.01713  0.008586  0.002319   0.02804        37       640    0.9877         1     0.995    0.8931  0.009427  0.003569   0.00024
    90/119      4.5G   0.01762  0.008392  0.002268   0.02828        41       640    0.9864         1     0.995    0.8938  0.009518   0.00359 0.0002909
    91/119      4.5G   0.01702  0.007901  0.002004   0.02693        39       640    0.9884         1     0.995     0.896  0.009263  0.003544 0.0002253
    92/119      4.5G   0.01776   0.00816  0.002873    0.0288        48       640    0.9872         1     0.995    0.8909  0.009613  0.003613 0.0002771
    93/119      4.5G   0.01733   0.00803  0.002088   0.02744        41       640    0.9763         1     0.995    0.8966  0.009315  0.003525 0.0001845
    94/119      4.5G   0.01705  0.007998  0.002253    0.0273        36       640    0.9704         1     0.995    0.8945   0.00959  0.003611 0.0002218
    95/119      4.5G    0.0168  0.007917  0.002252   0.02697        42       640    0.9672         1     0.995    0.8859   0.01011  0.003606 0.0002046
    96/119      4.5G    0.0161  0.007827   0.00205   0.02597        43       640    0.9879         1     0.995    0.8967  0.009117  0.003403 0.0002227
    97/119      4.5G   0.01622  0.008034  0.001783   0.02604        42       640     0.984         1     0.995    0.9019  0.009024  0.003488 0.0002001
    98/119      4.5G   0.01671  0.007451   0.00253    0.0267        41       640     0.988         1     0.995    0.8973  0.009334   0.00345 0.0001959
    99/119      4.5G   0.01644  0.007573  0.001951   0.02596        33       640    0.9879         1     0.995    0.9064  0.008961  0.003387 0.0001634
   100/119      4.5G   0.01599  0.007572  0.002369   0.02593        36       640    0.9871         1     0.995    0.9003  0.009142   0.00341 0.0001777
   101/119      4.5G   0.01649  0.007653  0.002351    0.0265        39       640    0.9846         1     0.995    0.9019  0.008873  0.003414 0.0001733
   102/119      4.5G   0.01597  0.007698  0.002326     0.026        38       640    0.9857         1     0.995    0.9142  0.008523  0.003291 0.0001724
   103/119      4.5G   0.01595  0.007849  0.002027   0.02583        35       640    0.9844         1     0.995    0.8952  0.009198  0.003402 0.0002269
   104/119      4.5G   0.01636  0.007618  0.001974   0.02595        46       640    0.9879         1     0.995    0.9002  0.009095  0.003391 0.0002033
   105/119      4.5G   0.01598  0.007414  0.002009   0.02541        29       640    0.9795         1     0.995    0.8926  0.009305  0.003444 0.0002097
   106/119      4.5G   0.01583  0.007783  0.002154   0.02576        40       640     0.989         1     0.995    0.8948   0.00923  0.003478 0.0002053
   107/119      4.5G    0.0156  0.007577  0.002073   0.02525        37       640    0.9858         1     0.995    0.9043  0.008788  0.003319 0.0001755
   108/119      4.5G   0.01566  0.007508  0.001963   0.02514        36       640    0.9862         1     0.995    0.9071  0.008676  0.003367 0.0001809
   109/119      4.5G   0.01598  0.007388  0.002134    0.0255        42       640    0.8825         1     0.995    0.9006  0.008975   0.00374 0.0003111
   110/119      4.5G   0.01493  0.007652  0.002789   0.02538        37       640    0.9881         1     0.995     0.904  0.008534  0.003332 0.0001836
   111/119      4.5G   0.01535  0.007423  0.002275   0.02505        36       640    0.9844         1     0.995    0.9071  0.008294  0.003391 0.0001703
   112/119      4.5G   0.01535  0.007359  0.001971   0.02468        36       640    0.9846         1     0.995    0.9091  0.008263  0.003235 0.0001616
   113/119      4.5G   0.01566  0.007243  0.001966   0.02487        34       640    0.9809         1     0.995    0.9159  0.008563  0.003324 0.0001717
   114/119      4.5G   0.01521    0.0074  0.002208   0.02482        40       640    0.9824         1     0.995    0.9104  0.008465  0.003256 0.0002354
   115/119      4.5G   0.01463  0.007403  0.001831   0.02386        43       640    0.9597         1     0.995    0.8991  0.009191  0.003499 0.0003512
   116/119      4.5G   0.01575  0.007156  0.001591    0.0245        41       640    0.9854         1     0.995    0.9054  0.008647  0.003299 0.0001368
   117/119      4.5G   0.01601  0.007189  0.001574   0.02478        40       640    0.9716         1     0.995    0.9075  0.008964  0.003387 0.0001423
   118/119      4.5G   0.01576  0.007296  0.002439    0.0255        38       640    0.9841         1     0.995    0.9102  0.008565  0.003266 0.0001411
   119/119      4.5G   0.01456  0.007525   0.00169   0.02377        38       640    0.9888         1     0.995    0.9177  0.008319  0.003269 0.0001386
