      0/99     5.23G   0.09268   0.02978    0.0379    0.1604        31       640         0         0 0.0005313 7.929e-05   0.06843   0.02085   0.03423
      1/99      4.5G   0.08055   0.02695   0.03717    0.1447        35       640         0         0  0.001476  0.000222    0.0627     0.019   0.03383
      2/99      4.5G   0.07838   0.02674   0.03654    0.1417        37       640         0         0  0.002236 0.0004309   0.06334   0.01795   0.03359
      3/99      4.5G   0.07672   0.02543   0.03661    0.1388        38       640         0         0  0.001509 0.0002696     0.063   0.01738   0.03395
      4/99      4.5G   0.07538   0.02528   0.03602    0.1367        34       640         0         0   0.00265 0.0005177   0.05796   0.01784   0.03346
      5/99      4.5G   0.07232   0.02619   0.03645     0.135        43       640         0         0  0.008001  0.001589   0.04994   0.01945   0.03322
      6/99      4.5G   0.06601   0.02738   0.03543    0.1288        37       640         0         0    0.0557  0.008854   0.04514   0.02014   0.03317
      7/99      4.5G   0.06277   0.02755   0.03576    0.1261        37       640    0.3333  0.003333   0.06951    0.0136   0.04161    0.0193   0.03268
      8/99      4.5G   0.06207   0.02568   0.03548    0.1232        40       640    0.1321    0.1312    0.1698   0.04805   0.04266   0.01911   0.03293
      9/99      4.5G   0.05856   0.02464   0.03542    0.1186        36       640   0.07508    0.2333   0.06455   0.01684   0.04381   0.01771   0.03293
     10/99      4.5G   0.05722   0.02381   0.03528    0.1163        38       640     0.133    0.3333     0.142   0.04624   0.04579   0.01588   0.03117
     11/99      4.5G   0.05416   0.02186   0.03492    0.1109        48       640    0.1589    0.0615   0.06028    0.0146   0.05723   0.01458   0.03502
     12/99      4.5G   0.05196   0.02196   0.03391    0.1078        35       640    0.1332    0.7133    0.2464   0.08471   0.04119   0.02627   0.03039
     13/99      4.5G   0.05125   0.02078   0.03175    0.1038        33       640    0.1182    0.9527    0.4441    0.1656   0.03905   0.02987   0.02792
     14/99      4.5G   0.05247   0.02163    0.0299     0.104        39       640    0.4729    0.5561    0.5451    0.2373   0.03314   0.01298   0.02116
     15/99      4.5G   0.05256   0.02014   0.02863    0.1013        35       640    0.2349    0.3668    0.2747   0.08142   0.04063    0.0136    0.0246
     16/99      4.5G   0.04853   0.01971   0.02574   0.09398        45       640    0.1621    0.5633     0.339    0.1227   0.03942   0.01444   0.02372
     17/99      4.5G   0.04645   0.01956   0.02365   0.08965        43       640    0.2167    0.8333    0.4442    0.1762   0.03807   0.01631   0.01966
     18/99      4.5G    0.0446   0.01977   0.02314   0.08752        38       640    0.2476    0.6767    0.4526    0.1546    0.0401    0.0133   0.02652
     19/99      4.5G   0.04478   0.01894    0.0211   0.08483        37       640    0.3239    0.9733      0.81    0.3871   0.03217   0.01265  0.009363
     20/99      4.5G   0.04362   0.01787   0.02006   0.08155        34       640    0.1057      0.32    0.1725   0.04703   0.04531   0.01427   0.04871
     21/99      4.5G   0.04186   0.01721   0.01832    0.0774        37       640    0.2799      0.94    0.6282    0.3094   0.03178   0.01403    0.0149
     22/99      4.5G   0.04157   0.01668    0.0173   0.07555        34       640    0.4177    0.9567    0.7927    0.3771   0.03188   0.01021   0.01715
     23/99      4.5G   0.04111   0.01603   0.01618   0.07332        34       640    0.6741    0.9967    0.9692    0.5502   0.02869  0.009444  0.005107
     24/99      4.5G   0.03986   0.01636   0.01424   0.07046        41       640    0.5579    0.7099    0.6242    0.2652   0.03595   0.01009   0.02978
     25/99      4.5G    0.0393   0.01592   0.01398   0.06921        36       640    0.5473    0.9267    0.8656     0.521   0.03013   0.01128  0.006596
     26/99      4.5G    0.0388   0.01585   0.01437   0.06903        43       640    0.2726    0.6829    0.5233    0.2677    0.0353   0.01557   0.04063
     27/99      4.5G   0.03719   0.01556   0.01317   0.06591        40       640    0.3267    0.9233    0.8079    0.4724   0.03054   0.01436   0.01137
     28/99      4.5G   0.03732   0.01488    0.0118     0.064        41       640    0.7214    0.9503    0.9055    0.5824   0.02665  0.007711   0.01802
     29/99      4.5G    0.0365   0.01526   0.01182   0.06358        34       640    0.4428    0.7933    0.5825    0.3317   0.03961   0.01705   0.02523
     30/99      4.5G   0.03595   0.01468   0.01133   0.06196        26       640    0.5568         1    0.9632    0.6573   0.02319     0.009  0.005792
     31/99      4.5G   0.03491   0.01386   0.01023   0.05899        37       640    0.7575    0.9967    0.9751    0.5557   0.02554  0.007651  0.005905
     32/99      4.5G   0.03504   0.01351   0.01005    0.0586        32       640    0.7551    0.7799    0.8077    0.4561   0.02715   0.01097   0.03651
     33/99      4.5G   0.03475   0.01383   0.01056   0.05914        32       640    0.6673    0.9332    0.9121    0.5884   0.02506   0.01023   0.01579
     34/99      4.5G   0.03419   0.01397   0.01022   0.05837        32       640    0.5442    0.8367    0.7551    0.4537   0.02858  0.009401   0.03541
     35/99      4.5G   0.03211    0.0129  0.009979   0.05499        33       640    0.7333    0.9592    0.9719    0.7079   0.02068  0.007083  0.004605
     36/99      4.5G   0.03274   0.01323   0.00996   0.05593        35       640    0.6957         1    0.9935    0.7418   0.02088  0.007626  0.002079
     37/99      4.5G   0.03265   0.01279  0.009409   0.05484        37       640    0.9095         1    0.9941    0.7022   0.02187  0.006459 0.0009358
     38/99      4.5G     0.031   0.01251  0.008284   0.05179        36       640    0.7422      0.98    0.9489    0.6825    0.0211  0.006974  0.004608
     39/99      4.5G   0.03015   0.01175   0.00848   0.05038        31       640     0.803    0.8852     0.875    0.5898   0.02188  0.007042   0.04125
     40/99      4.5G   0.03118   0.01216  0.008822   0.05216        41       640    0.9554    0.9967     0.994    0.7665   0.01947  0.005948 0.0007489
     41/99      4.5G   0.03077    0.0122  0.008467   0.05143        35       640    0.8429    0.9892    0.9681    0.7255   0.01976  0.006323  0.005397
     42/99      4.5G    0.0292   0.01214  0.008192   0.04953        43       640    0.8233      0.95    0.9098    0.6955   0.01756  0.006137   0.02752
     43/99      4.5G   0.02807   0.01181  0.007937   0.04782        34       640    0.9191    0.9667    0.9726    0.7079   0.01978  0.006629  0.003174
     44/99      4.5G   0.02813   0.01177  0.007896    0.0478        42       640     0.589    0.9333    0.9283    0.6598   0.02094  0.008942   0.00909
     45/99      4.5G   0.02897   0.01154  0.007293    0.0478        42       640    0.9005    0.9967    0.9773    0.7696   0.01803  0.005505  0.004288
     46/99      4.5G   0.02652   0.01139  0.007131   0.04505        37       640    0.9691         1     0.995    0.8018   0.01701  0.005625 0.0006715
     47/99      4.5G   0.02745   0.01149  0.007519   0.04646        35       640    0.8157      0.92    0.9082    0.6249   0.02106  0.007289   0.01646
     48/99      4.5G   0.02729   0.01098  0.005883   0.04415        39       640    0.7822    0.8955    0.9038    0.6983   0.01885  0.005421   0.03023
     49/99      4.5G   0.02687   0.01144  0.006862   0.04517        34       640    0.9413    0.9967    0.9936    0.7935     0.016  0.005674  0.001706
     50/99      4.5G   0.02687   0.01088  0.006337   0.04409        34       640    0.7276    0.8487    0.8905    0.6684   0.01962  0.006053   0.01492
     51/99      4.5G   0.02528   0.01095  0.006322   0.04255        35       640    0.9669         1     0.995    0.8231   0.01381  0.005282 0.0005866
     52/99      4.5G   0.02542    0.0107  0.006365   0.04249        43       640    0.9849         1     0.995    0.8222   0.01499  0.004812 0.0004407
     53/99      4.5G   0.02478   0.01021  0.005598   0.04058        29       640    0.9699         1     0.995    0.8184   0.01514  0.005349 0.0006037
     54/99      4.5G   0.02442   0.01058  0.006602   0.04159        46       640    0.9012    0.9978    0.9915    0.7958   0.01677  0.005558  0.002838
     55/99      4.5G   0.02477   0.01042  0.006345   0.04153        36       640     0.861         1     0.995    0.8157   0.01559  0.005155 0.0005522
     56/99      4.5G   0.02538   0.01048  0.007213   0.04307        42       640    0.9696         1     0.995    0.8276   0.01435  0.005147 0.0005918
     57/99      4.5G   0.02371   0.01022  0.005552   0.03948        35       640    0.9801         1     0.995    0.8293   0.01369  0.004966 0.0004401
     58/99      4.5G   0.02453   0.01034  0.005354   0.04022        44       640    0.8699         1     0.995    0.8029   0.01602  0.005121 0.0007298
     59/99      4.5G   0.02394   0.01043  0.005418   0.03979        42       640    0.9823         1     0.995    0.8342   0.01327  0.004606 0.0004598
     60/99      4.5G   0.02246   0.01018  0.004897   0.03754        35       640    0.9798         1     0.995    0.8324   0.01361  0.005064 0.0005217
     61/99      4.5G   0.02256   0.00966   0.00445   0.03667        42       640     0.969         1     0.995    0.8503   0.01204  0.004568 0.0004488
     62/99      4.5G   0.02251  0.009919  0.005098   0.03753        34       640    0.9077         1     0.995     0.853   0.01267  0.004661 0.0004352
     63/99      4.5G   0.02239  0.009856  0.005945   0.03819        43       640    0.9514         1    0.9949    0.8474     0.013   0.00513  0.001579
     64/99      4.5G   0.02199  0.009939  0.005122   0.03705        35       640    0.9608         1     0.995    0.8497   0.01332  0.004666  0.000462
     65/99      4.5G   0.02136  0.009709   0.00492   0.03599        31       640    0.9745         1     0.995    0.8438   0.01289  0.004599 0.0003633
     66/99      4.5G   0.02057  0.009687  0.004631   0.03489        36       640    0.8992         1     0.995    0.8556   0.01183    0.0045 0.0004074
     67/99      4.5G   0.02164  0.009447  0.004398   0.03549        37       640    0.8364    0.9991    0.9931    0.8376   0.01314  0.004801  0.001872
     68/99      4.5G   0.02091  0.009422  0.005184   0.03552        44       640    0.9876         1     0.995    0.8553    0.0113  0.004344 0.0002785
     69/99      4.5G   0.02114  0.009646  0.004751   0.03554        41       640    0.9875         1     0.995     0.865    0.0121  0.004436 0.0003798
     70/99      4.5G   0.02046  0.008996  0.004044    0.0335        43       640    0.9905         1     0.995    0.8528   0.01307  0.004295 0.0003032
     71/99      4.5G   0.02091  0.009441   0.00431   0.03466        35       640    0.9742         1     0.995    0.8583   0.01178  0.004275  0.000345
     72/99      4.5G   0.01931  0.008877  0.003971   0.03216        38       640    0.9792         1     0.995    0.8481   0.01222  0.004454 0.0003897
     73/99      4.5G      0.02  0.009242   0.00419   0.03343        37       640    0.9888         1     0.995    0.8551   0.01161  0.004345 0.0002224
     74/99      4.5G   0.01928  0.009195  0.003831    0.0323        33       640    0.9886         1     0.995    0.8663   0.01108  0.004227 0.0002683
     75/99      4.5G   0.02007  0.009015    0.0043   0.03338        32       640    0.9812         1     0.995    0.8654   0.01105  0.004283 0.0002576
     76/99      4.5G   0.01916  0.009002  0.003362   0.03152        36       640    0.9105         1     0.995    0.8661   0.01102  0.004153  0.001421
     77/99      4.5G   0.01993  0.008771  0.004641   0.03334        40       640    0.8048    0.9896    0.9894    0.8417   0.01211  0.004427   0.01244
     78/99      4.5G   0.01949  0.008934  0.003875    0.0323        34       640    0.9492         1    0.9949    0.8535   0.01222  0.004369  0.001164
     79/99      4.5G   0.01933  0.008785  0.003701   0.03182        34       640    0.9111         1     0.995    0.8637   0.01132   0.00422  0.000206
     80/99      4.5G   0.01929  0.008803  0.004056   0.03215        41       640     0.937         1     0.995    0.8681   0.01108  0.004099 0.0001978
     81/99      4.5G   0.01851  0.008819  0.003409   0.03073        36       640     0.989         1     0.995    0.8711   0.01095  0.004003 0.0001813
     82/99      4.5G   0.01845  0.008863  0.004028   0.03135        43       640    0.9907         1     0.995    0.8707   0.01077  0.003957  0.000196
     83/99      4.5G   0.01845  0.008743  0.003378   0.03057        33       640    0.9845         1     0.995    0.8648   0.01066  0.004198 0.0002115
     84/99      4.5G   0.01885  0.008933  0.003718    0.0315        36       640    0.9847         1     0.995    0.8716   0.01101  0.004063 0.0002347
     85/99      4.5G    0.0181  0.008681  0.002819    0.0296        34       640    0.9093         1     0.995    0.8708   0.01068  0.004151 0.0002554
     86/99      4.5G   0.01843  0.008314  0.003493   0.03023        35       640    0.9861         1     0.995     0.873   0.01019  0.004019 0.0002438
     87/99      4.5G   0.01855  0.008305  0.003413   0.03027        39       640    0.9862         1     0.995    0.8681   0.01169  0.003955 0.0002592
     88/99      4.5G   0.01751  0.008683    0.0032   0.02939        32       640    0.9809         1     0.995    0.8708    0.0105  0.003957 0.0001702
     89/99      4.5G   0.01795  0.008985  0.003272   0.03021        37       640    0.9844         1     0.995    0.8772   0.01063  0.003959 0.0001927
     90/99      4.5G    0.0182  0.008666  0.002871   0.02974        41       640    0.9908         1     0.995    0.8791  0.009988  0.003923  0.000161
     91/99      4.5G   0.01741  0.008213  0.003121   0.02874        39       640    0.9908         1     0.995    0.8789  0.009995  0.003882 0.0001774
     92/99      4.5G   0.01766  0.008512  0.002817   0.02899        48       640     0.983         1     0.995    0.8798  0.009772  0.003933 0.0001861
     93/99      4.5G    0.0176  0.008408  0.003183   0.02919        41       640    0.9907         1     0.995    0.8852  0.009969  0.003757 0.0001952
     94/99      4.5G   0.01753  0.008413  0.003973   0.02992        36       640    0.9905         1     0.995    0.8768   0.01015  0.003963 0.0002336
     95/99      4.5G   0.01753  0.008333  0.003369   0.02923        42       640    0.9907         1     0.995     0.885    0.0102  0.003816 0.0001604
     96/99      4.5G   0.01686  0.008233  0.002664   0.02776        43       640    0.9906         1     0.995    0.8772  0.009913  0.003768 0.0001753
     97/99      4.5G   0.01648  0.008472  0.003037   0.02799        42       640    0.9908         1     0.995    0.8892  0.009587  0.003703  0.000176
     98/99      4.5G   0.01694  0.007882  0.003553   0.02837        41       640    0.9844         1     0.995    0.8739   0.01093  0.004088 0.0002624
     99/99      4.5G   0.01722  0.008026  0.002907   0.02816        33       640    0.8084    0.9906    0.9923    0.8535   0.01118  0.004459  0.006827
