      0/49     5.23G   0.09174   0.02957   0.03776    0.1591        30       640         0         0 0.0008854 0.0001207   0.07207   0.02007   0.03437
      1/49      4.5G   0.08043   0.02675   0.03716    0.1443        39       640         0         0  0.001097   0.00017   0.06662   0.01794   0.03401
      2/49      4.5G   0.07852   0.02673   0.03679     0.142        41       640         0         0  0.001112 0.0001837   0.06728   0.01699   0.03496
      3/49      4.5G   0.07631   0.02619   0.03644    0.1389        46       640  0.005105   0.06333  0.003664 0.0008658   0.06966     0.021   0.03756
      4/49      4.5G    0.0725   0.02606   0.03566    0.1342        35       640         0         0  0.002395 0.0004374   0.06344   0.01632   0.03409
      5/49      4.5G   0.07174   0.02659   0.03601    0.1343        44       640         0         0   0.01321  0.002408   0.05436   0.01756   0.03348
      6/49      4.5G   0.06699   0.02622   0.03565    0.1289        36       640         0         0   0.06395    0.0163   0.05038   0.01715   0.03343
      7/49      4.5G   0.06426   0.02535   0.03473    0.1243        36       640         0         0   0.03713  0.008364   0.04981   0.01634    0.0331
      8/49      4.5G   0.06269   0.02475   0.03553     0.123        40       640    0.1548     0.321    0.1403   0.04773    0.0405   0.01709   0.03279
      9/49      4.5G   0.06093   0.02359   0.03528    0.1198        44       640    0.1525      0.32    0.1477   0.04696   0.04225   0.01629   0.03285
     10/49      4.5G   0.05824   0.02246   0.03502    0.1157        40       640      0.28    0.3567    0.2953   0.09292   0.04255   0.02333    0.0315
     11/49      4.5G   0.05526   0.02096   0.03392    0.1101        48       640    0.1952   0.07333   0.07752   0.02167    0.0443   0.01512   0.03394
     12/49      4.5G    0.0547   0.02124   0.03341    0.1093        44       640    0.2085       0.5    0.2545   0.09109   0.03922    0.0148   0.03128
     13/49      4.5G   0.05449   0.02064   0.03244    0.1076        40       640    0.1903      0.33    0.1776   0.06147   0.03894   0.01367   0.03259
     14/49      4.5G   0.05557   0.02088   0.03134    0.1078        40       640    0.0458      0.47   0.03046    0.0099   0.04405   0.02655   0.02846
     15/49      4.5G   0.05211    0.0198   0.03046    0.1024        35       640   0.07833    0.4031    0.1483    0.0477   0.04408      0.02   0.03215
     16/49      4.5G   0.05104   0.01925   0.02887   0.09916        45       640    0.1857    0.4933    0.3226    0.1504   0.03958   0.01945   0.02293
     17/49      4.5G   0.04864   0.01972   0.02752   0.09588        39       640    0.4344    0.6362      0.53    0.2322   0.03404   0.01186   0.02018
     18/49      4.5G   0.04532   0.01943   0.02639   0.09114        41       640     0.395    0.8505    0.5603    0.2881   0.03066   0.01106   0.01935
     19/49      4.5G   0.04363    0.0181   0.02554   0.08726        39       640    0.4212    0.9133     0.633    0.3612   0.02991  0.009818   0.01673
     20/49      4.5G   0.04226   0.01748   0.02429   0.08403        38       640    0.4745      0.92    0.6591    0.3226   0.03066   0.01025   0.01863
     21/49      4.5G    0.0407   0.01703    0.0257   0.08342        44       640    0.4129    0.8928    0.6198    0.3628   0.02824  0.009757     0.021
     22/49      4.5G   0.03903   0.01596   0.02354   0.07852        37       640    0.4735    0.9733    0.7404    0.5006   0.02468  0.009137   0.01691
     23/49      4.5G   0.03975   0.01589   0.02348   0.07912        43       640    0.5448    0.9332    0.7258    0.4476   0.02517  0.009011   0.01693
     24/49      4.5G   0.03698   0.01554   0.02176   0.07427        38       640    0.5649      0.97    0.8262    0.5607   0.02378  0.008481    0.0143
     25/49      4.5G   0.03543   0.01493   0.02098   0.07133        30       640    0.6191    0.9833    0.8015    0.4994   0.02484   0.00863   0.01402
     26/49      4.5G   0.03478   0.01481   0.02116   0.07075        45       640    0.6184     0.993    0.8952    0.6533   0.02105   0.00762   0.01117
     27/49      4.5G   0.03617   0.01454   0.02014   0.07085        39       640    0.6575      0.98    0.9315    0.6244   0.02361  0.007311   0.01078
     28/49      4.5G   0.03385   0.01392   0.01968   0.06745        40       640    0.5597      0.97    0.8731    0.6407   0.02164  0.008545   0.01023
     29/49      4.5G   0.03283   0.01436   0.01796   0.06515        34       640    0.6365    0.9633    0.9304    0.7063   0.01984  0.007473  0.008878
     30/49      4.5G    0.0327   0.01326    0.0164   0.06236        32       640    0.7616    0.9967    0.9622    0.7201   0.01871  0.006821  0.006288
     31/49      4.5G   0.03118   0.01328   0.01548   0.05994        30       640    0.7366    0.9967    0.9759    0.7052   0.02237  0.006945  0.005255
     32/49      4.5G   0.03139   0.01329   0.01362    0.0583        36       640    0.7157    0.9767    0.9354    0.6919   0.02101  0.007474  0.006733
     33/49      4.5G    0.0297   0.01305   0.01475   0.05751        34       640    0.7895    0.9696    0.9307    0.6334   0.02156  0.007532  0.009331
     34/49      4.5G   0.03065   0.01339   0.01315   0.05719        29       640    0.6825      0.98     0.965    0.7026   0.02165  0.007763  0.005647
     35/49      4.5G   0.02895   0.01256   0.01271   0.05423        35       640    0.8513         1    0.9941    0.7435    0.0178  0.006373  0.002755
     36/49      4.5G   0.02879   0.01245   0.01189   0.05313        30       640    0.7992    0.9867    0.9731    0.6803   0.02161  0.006909  0.004019
     37/49      4.5G   0.02848   0.01252   0.01063   0.05164        37       640    0.8293         1     0.995     0.813   0.01559  0.005447  0.001584
     38/49      4.5G   0.02634   0.01179   0.01021   0.04834        38       640    0.8746    0.9933    0.9882     0.788   0.01785  0.005806  0.001735
     39/49      4.5G   0.02691   0.01182   0.01008   0.04881        40       640    0.8921    0.9967    0.9905    0.8064   0.01754  0.006035  0.001578
     40/49      4.5G   0.02658   0.01196  0.009414   0.04795        45       640    0.8912    0.9967    0.9918    0.7547   0.01802  0.005923  0.001284
     41/49      4.5G   0.02536   0.01138  0.008688   0.04543        31       640    0.8974    0.9967    0.9912    0.7821   0.01574  0.005804    0.0011
     42/49      4.5G   0.02539   0.01144  0.008547   0.04537        45       640     0.884    0.9967     0.991    0.7884   0.01603  0.005338  0.001236
     43/49      4.5G   0.02517   0.01103  0.008831   0.04504        35       640    0.8721         1    0.9934    0.8439   0.01326  0.005032  0.001653
     44/49      4.5G   0.02402   0.01091  0.008533   0.04346        43       640    0.6687      0.98    0.9776    0.7604   0.01876  0.007153  0.001955
     45/49      4.5G   0.02458   0.01067  0.008393   0.04364        42       640    0.8087         1    0.9946    0.8088   0.01424   0.00505 0.0008655
     46/49      4.5G   0.02337    0.0107  0.008901   0.04297        39       640    0.9687         1     0.995    0.8495   0.01301  0.004915 0.0006516
     47/49      4.5G   0.02339   0.01084  0.007787   0.04202        42       640    0.8378         1    0.9941    0.8449    0.0134  0.005046 0.0007527
     48/49      4.5G   0.02317   0.01064  0.007056   0.04087        33       640    0.8823    0.9967    0.9919    0.8514   0.01478  0.005184 0.0006554
     49/49      4.5G   0.02266    0.0105  0.007709   0.04087        37       640    0.9528         1     0.995    0.8543   0.01388  0.004686 0.0004958
